1 PIPE -100 100 0.0228 0.0012 0.35276 0 0 0 0 0 0
1 VTX -0.0816042 0.0816042 0.0258 5e-05 0.0937 2 0 1.5708 5e-06 5e-06 1
1 VTX -0.0816042 0.0816042 0.0278 5e-05 0.0937 2 0 1.5708 5e-06 5e-06 1
1 VTX -0.0571095 0.0571095 0.0573255 5e-05 0.0937 2 0 1.5708 5e-06 5e-06 1
1 VTX -0.0571095 0.0571095 0.0593255 5e-05 0.0937 2 0 1.5708 5e-06 5e-06 1
1 VTX -0.0654308 0.0654308 0.0833889 5e-05 0.0937 2 0 1.5708 5e-06 5e-06 1
1 VTX -0.0654308 0.0654308 0.0853889 5e-05 0.0937 2 0 1.5708 5e-06 5e-06 1
1 VTX -0.0682846 0.0682846 0.0920634 5e-05 0.0937 2 0 1.5708 5e-06 5e-06 1
1 VTX -0.0682846 0.0682846 0.0940634 5e-05 0.0937 2 0 1.5708 5e-06 5e-06 1
1 VTX -0.0816042 0.0816042 0.0248 0.000557 0.0937 0 0 0 0 0 0
1 VTX -0.0571095 0.0571095 0.0583255 0.000557 0.0937 0 0 0 0 0 0
1 VTX -0.0654308 0.0654308 0.0843889 0.000557 0.0937 0 0 0 0 0 0
1 VTX -0.0682846 0.0682846 0.0930634 0.000557 0.0937 0 0 0 0 0 0
1 VTX -0.5 0.5 0.113 0.000337 0.0937 0 0 0 0 0 0
1 ITK -0.05 0.05 0.162322 0.000956 0.0937 2 0 1.5708 7e-06 9e-05 1
1 ITK -0.186445 0.186445 0.318292 0.000956 0.0937 2 0 1.5708 7e-06 9e-05 1
1 ITK -0.705127 0.705127 0.545448 0.000956 0.0937 2 0 1.5708 7e-06 9e-05 1
1 ITK -0.05 0.05 0.167322 0.00017 0.0937 0 0 0 0 0 0
1 ITK -0.186445 0.186445 0.323292 0.00017 0.0937 0 0 0 0 0 0
1 ITK -0.705127 0.705127 0.550448 0.00017 0.0937 0 0 0 0 0 0
1 ITK -2.3 2.3 0.57 0.00125 0.0937 0 0 0 0 0 0
1 ITK -2.3 2.3 0.5705 0.000281 0.0937 0 0 0 0 0 0
1 OTK -1.4515 1.4515 0.816962 0.000956 0.0937 2 0 1.5708 7e-06 9e-05 1
1 OTK -1.4515 1.4515 1.16388 0.000956 0.0937 2 0 1.5708 7e-06 9e-05 1
1 OTK -1.82511 1.82511 1.57703 0.000956 0.0937 2 0 1.5708 7e-06 9e-05 1
1 OTK -1.4515 1.4515 0.821962 0.000244 0.0937 0 0 0 0 0 0
1 OTK -1.4515 1.4515 1.15388 0.000117 0.0937 0 0 0 0 0 0
1 OTK -1.82511 1.82511 1.56703 0.000117 0.0937 0 0 0 0 0 0
2 VTXDSK 0.0611131 0.112 -0.343035 5e-05 0.0937 2 0 1.5708 5e-06 5e-06 1
2 VTXDSK 0.0418757 0.112 -0.239 5e-05 0.0937 2 0 1.5708 5e-06 5e-06 1
2 VTXDSK 0.028 0.112 -0.112678 5e-05 0.0937 2 0 1.5708 5e-06 5e-06 1
2 VTXDSK 0.0228006 0.112 -0.0845414 5e-05 0.0937 2 0 1.5708 5e-06 5e-06 1
2 VTXDSK 0.0228006 0.112 0.0845414 5e-05 0.0937 2 0 1.5708 5e-06 5e-06 1
2 VTXDSK 0.028 0.112 0.112678 5e-05 0.0937 2 0 1.5708 5e-06 5e-06 1
2 VTXDSK 0.0418757 0.112 0.239 5e-05 0.0937 2 0 1.5708 5e-06 5e-06 1
2 VTXDSK 0.0611131 0.112 0.343035 5e-05 0.0937 2 0 1.5708 5e-06 5e-06 1
2 ITKDSK 0.302009 0.56 -2.40252 0.000956 0.0937 2 0 1.5708 7e-06 9e-05 1
2 ITKDSK 0.264 0.56 -1.8045 0.000956 0.0937 2 0 1.5708 7e-06 9e-05 1
2 ITKDSK 0.237 0.56 -1.60872 0.000956 0.0937 2 0 1.5708 7e-06 9e-05 1
2 ITKDSK 0.212 0.56 -1.26073 0.000956 0.0937 2 0 1.5708 7e-06 9e-05 1
2 ITKDSK 0.19 0.56 -1.01172 0.000956 0.0937 2 0 1.5708 7e-06 9e-05 1
2 ITKDSK 0.169389 0.56 -0.934992 0.000956 0.0937 2 0 1.5708 7e-06 9e-05 1
2 ITKDSK 0.110001 0.41 -0.60909 0.000956 0.0937 2 0 1.5708 7e-06 9e-05 1
2 ITKDSK 0.110001 0.41 0.60909 0.000956 0.0937 2 0 1.5708 7e-06 9e-05 1
2 ITKDSK 0.169389 0.56 0.934992 0.000956 0.0937 2 0 1.5708 7e-06 9e-05 1
2 ITKDSK 0.19 0.56 1.01172 0.000956 0.0937 2 0 1.5708 7e-06 9e-05 1
2 ITKDSK 0.212 0.56 1.26073 0.000956 0.0937 2 0 1.5708 7e-06 9e-05 1
2 ITKDSK 0.237 0.56 1.60872 0.000956 0.0937 2 0 1.5708 7e-06 9e-05 1
2 ITKDSK 0.264 0.56 1.8045 0.000956 0.0937 2 0 1.5708 7e-06 9e-05 1
2 ITKDSK 0.302009 0.56 2.40252 0.000956 0.0937 2 0 1.5708 7e-06 9e-05 1
2 OTKDSK 0.639789 1.4302 -2.45302 0.000956 0.0937 2 0 1.5708 7e-06 9e-05 1
2 OTKDSK 0.6175 1.4302 -1.751 0.000956 0.0937 2 0 1.5708 7e-06 9e-05 1
2 OTKDSK 0.619679 1.4302 -1.64271 0.000956 0.0937 2 0 1.5708 7e-06 9e-05 1
2 OTKDSK 0.629575 1.4302 -1.4525 0.000956 0.0937 2 0 1.5708 7e-06 9e-05 1
2 OTKDSK 0.629575 1.4302 1.4525 0.000956 0.0937 2 0 1.5708 7e-06 9e-05 1
2 OTKDSK 0.619679 1.4302 1.64271 0.000956 0.0937 2 0 1.5708 7e-06 9e-05 1
2 OTKDSK 0.6175 1.4302 1.751 0.000956 0.0937 2 0 1.5708 7e-06 9e-05 1
2 OTKDSK 0.639789 1.4302 2.45302 0.000956 0.0937 2 0 1.5708 7e-06 9e-05 1
2 OTKDSK 0.639789 1.4302 -2.44302 0.000342 0.0937 0 0 0 0 0 0
2 OTKDSK 0.6175 1.4302 -1.761 0.000342 0.0937 0 0 0 0 0 0
2 OTKDSK 0.619679 1.4302 -1.63271 0.000342 0.0937 0 0 0 0 0 0
2 OTKDSK 0.629575 1.4302 -1.4625 0.000342 0.0937 0 0 0 0 0 0
2 OTKDSK 0.629575 1.4302 1.4625 0.000342 0.0937 0 0 0 0 0 0
2 OTKDSK 0.619679 1.4302 1.63271 0.000342 0.0937 0 0 0 0 0 0
2 OTKDSK 0.6175 1.4302 1.761 0.000342 0.0937 0 0 0 0 0 0
2 OTKDSK 0.639789 1.4302 2.44302 0.000342 0.0937 0 0 0 0 0 0
