1 PIPE -100 100 0.0228 0.0012 0.35276 0 0 0 0 0 0
1 VTX -0.0575085 0.0575085 0.0258 5e-05 0.0937 2 0 1.5708 5e-06 5e-06 1
1 VTX -0.0575085 0.0575085 0.0278 5e-05 0.0937 2 0 1.5708 5e-06 5e-06 1
1 VTX -0.0507361 0.0507361 0.0439689 5e-05 0.0937 2 0 1.5708 5e-06 5e-06 1
1 VTX -0.0507361 0.0507361 0.0459689 5e-05 0.0937 2 0 1.5708 5e-06 5e-06 1
1 VTX -0.0701137 0.0701137 0.0744556 5e-05 0.0937 2 0 1.5708 5e-06 5e-06 1
1 VTX -0.0701137 0.0701137 0.0764556 5e-05 0.0937 2 0 1.5708 5e-06 5e-06 1
1 VTX -0.0552271 0.0552271 0.0976855 5e-05 0.0937 2 0 1.5708 5e-06 5e-06 1
1 VTX -0.0552271 0.0552271 0.0996855 5e-05 0.0937 2 0 1.5708 5e-06 5e-06 1
1 VTX -0.0575085 0.0575085 0.0248 0.000557 0.0937 0 0 0 0 0 0
1 VTX -0.0507361 0.0507361 0.0449689 0.000557 0.0937 0 0 0 0 0 0
1 VTX -0.0701137 0.0701137 0.0754556 0.000557 0.0937 0 0 0 0 0 0
1 VTX -0.0552271 0.0552271 0.0986855 0.000557 0.0937 0 0 0 0 0 0
1 VTX -0.5 0.5 0.113 0.000337 0.0937 0 0 0 0 0 0
1 ITK -0.448067 0.448067 0.127252 0.000956 0.0937 2 0 1.5708 7e-06 9e-05 1
1 ITK -0.269185 0.269185 0.407983 0.000956 0.0937 2 0 1.5708 7e-06 9e-05 1
1 ITK -0.0613785 0.0613785 0.455297 0.000956 0.0937 2 0 1.5708 7e-06 9e-05 1
1 ITK -0.448067 0.448067 0.132252 0.00017 0.0937 0 0 0 0 0 0
1 ITK -0.269185 0.269185 0.412983 0.00017 0.0937 0 0 0 0 0 0
1 ITK -0.0613785 0.0613785 0.460297 0.00017 0.0937 0 0 0 0 0 0
1 ITK -2.3 2.3 0.57 0.00125 0.0937 0 0 0 0 0 0
1 ITK -2.3 2.3 0.5705 0.000281 0.0937 0 0 0 0 0 0
1 OTK -1.25814 1.25814 0.737809 0.000956 0.0937 2 0 1.5708 7e-06 9e-05 1
1 OTK -0.916042 0.916042 1.14361 0.000956 0.0937 2 0 1.5708 7e-06 9e-05 1
1 OTK -1.20465 1.20465 1.38016 0.000956 0.0937 2 0 1.5708 7e-06 9e-05 1
1 OTK -1.25814 1.25814 0.742809 0.000244 0.0937 0 0 0 0 0 0
1 OTK -0.916042 0.916042 1.13361 0.000117 0.0937 0 0 0 0 0 0
1 OTK -1.20465 1.20465 1.37016 0.000117 0.0937 0 0 0 0 0 0
2 VTXDSK 0.0636798 0.112 -0.357594 5e-05 0.0937 2 0 1.5708 5e-06 5e-06 1
2 VTXDSK 0.0418757 0.112 -0.239 5e-05 0.0937 2 0 1.5708 5e-06 5e-06 1
2 VTXDSK 0.0343468 0.112 -0.156 5e-05 0.0937 2 0 1.5708 5e-06 5e-06 1
2 VTXDSK 0.022 0.112 -0.0711137 5e-05 0.0937 2 0 1.5708 5e-06 5e-06 1
2 VTXDSK 0.022 0.112 0.0711137 5e-05 0.0937 2 0 1.5708 5e-06 5e-06 1
2 VTXDSK 0.0343468 0.112 0.156 5e-05 0.0937 2 0 1.5708 5e-06 5e-06 1
2 VTXDSK 0.0418757 0.112 0.239 5e-05 0.0937 2 0 1.5708 5e-06 5e-06 1
2 VTXDSK 0.0636798 0.112 0.357594 5e-05 0.0937 2 0 1.5708 5e-06 5e-06 1
2 ITKDSK 0.295364 0.56 -2.3241 0.000956 0.0937 2 0 1.5708 7e-06 9e-05 1
2 ITKDSK 0.264 0.56 -1.86881 0.000956 0.0937 2 0 1.5708 7e-06 9e-05 1
2 ITKDSK 0.237 0.56 -1.55921 0.000956 0.0937 2 0 1.5708 7e-06 9e-05 1
2 ITKDSK 0.212 0.56 -1.37551 0.000956 0.0937 2 0 1.5708 7e-06 9e-05 1
2 ITKDSK 0.19 0.56 -0.963861 0.000956 0.0937 2 0 1.5708 7e-06 9e-05 1
2 ITKDSK 0.147 0.56 -0.688787 0.000956 0.0937 2 0 1.5708 7e-06 9e-05 1
2 ITKDSK 0.095 0.41 -0.449067 0.000956 0.0937 2 0 1.5708 7e-06 9e-05 1
2 ITKDSK 0.095 0.41 0.449067 0.000956 0.0937 2 0 1.5708 7e-06 9e-05 1
2 ITKDSK 0.147 0.56 0.688787 0.000956 0.0937 2 0 1.5708 7e-06 9e-05 1
2 ITKDSK 0.19 0.56 0.963861 0.000956 0.0937 2 0 1.5708 7e-06 9e-05 1
2 ITKDSK 0.212 0.56 1.37551 0.000956 0.0937 2 0 1.5708 7e-06 9e-05 1
2 ITKDSK 0.237 0.56 1.55921 0.000956 0.0937 2 0 1.5708 7e-06 9e-05 1
2 ITKDSK 0.264 0.56 1.86881 0.000956 0.0937 2 0 1.5708 7e-06 9e-05 1
2 ITKDSK 0.295364 0.56 2.3241 0.000956 0.0937 2 0 1.5708 7e-06 9e-05 1
2 OTKDSK 0.6175 1.4302 -2.06787 0.000956 0.0937 2 0 1.5708 7e-06 9e-05 1
2 OTKDSK 0.629575 1.4302 -2.0255 0.000956 0.0937 2 0 1.5708 7e-06 9e-05 1
2 OTKDSK 0.6175 1.4302 -1.58176 0.000956 0.0937 2 0 1.5708 7e-06 9e-05 1
2 OTKDSK 0.6175 1.4302 -1.25914 0.000956 0.0937 2 0 1.5708 7e-06 9e-05 1
2 OTKDSK 0.6175 1.4302 1.25914 0.000956 0.0937 2 0 1.5708 7e-06 9e-05 1
2 OTKDSK 0.6175 1.4302 1.58176 0.000956 0.0937 2 0 1.5708 7e-06 9e-05 1
2 OTKDSK 0.629575 1.4302 2.0255 0.000956 0.0937 2 0 1.5708 7e-06 9e-05 1
2 OTKDSK 0.6175 1.4302 2.06787 0.000956 0.0937 2 0 1.5708 7e-06 9e-05 1
2 OTKDSK 0.6175 1.4302 -2.05787 0.000342 0.0937 0 0 0 0 0 0
2 OTKDSK 0.629575 1.4302 -2.0355 0.000342 0.0937 0 0 0 0 0 0
2 OTKDSK 0.6175 1.4302 -1.57176 0.000342 0.0937 0 0 0 0 0 0
2 OTKDSK 0.6175 1.4302 -1.26914 0.000342 0.0937 0 0 0 0 0 0
2 OTKDSK 0.6175 1.4302 1.26914 0.000342 0.0937 0 0 0 0 0 0
2 OTKDSK 0.6175 1.4302 1.57176 0.000342 0.0937 0 0 0 0 0 0
2 OTKDSK 0.629575 1.4302 2.0355 0.000342 0.0937 0 0 0 0 0 0
2 OTKDSK 0.6175 1.4302 2.05787 0.000342 0.0937 0 0 0 0 0 0
